61837
46510
42927
56769
14190
12983
5265
47318
56293
4605
53660
1244
1762
26036
63610
47439
41414
14288
27884
4493
60972
57199
63814
45057
16455
62137
19903
25164
49049
28519
17092
50840
12961
33021
16550
22930
7722
37695
62254
9278
29784
50587
58745
13974
54104
372
27865
55962
56723
54706
32762
22752
36322
15900
1288
52804
61349
55440
34242
57456
17721
63017
34310
42620
11507
60998
22594
21112
38505
7703
54771
43613
33991
54415
59625
10482
28826
55555
5874
21463
12468
20049
64692
63889
20604
64911
49310
19234
40593
58917
25517
11980
6973
42521
34286
28548
42817
32914
49205
9225
25318
39454
22005
35988
24523
22267
26889
54310
32560
34517
26928
23884
18277
24671
34915
12269
28469
60757
6199
34978
29323
57709
55731
40993
59791
25831
11280
21879
38981
55703
20166
11576
22980
20531
29575
60937
37916
18199
29779
17661
51992
27784
44077
11591
1146
51223
42314
7327
59932
45669
14579
6820
10869
62320
64359
15333
22423
55030
45961
27475
5422
57266
29398
54424
32932
24135
8420
39439
28752
45923
58854
10074
4381
38461
29854
26818
604
50608
23851
23922
57003
688
6673
59842
1223
51955
44936
60744
56345
47928
28001
32883
1306
50386
38123
54685
15809
64371
27095
41856
60306
61913
7634
47545
31026
44773
22075
36097
6399
50385
63701
12050
13156
4536
58131
28467
19151
48
3785
23346
33292
38900
505
13998
6547
28271
50493
22237
7687
11526
47206
23847
29537
21534
42594
43440
17868
34201
21418
53812
26846
42239
17579
38863
6246
44576
44783
35243
230
14725
61343
59722
8825
14500
44919
53624
35845
48762
14012
18770
45105
27801
46717
11034
7745
56501
18022
22901
14392
41954
35689
1822
27383
8979
57902
7008
56589
36923
11314
27454
15279
37158
7943
25075
37710
31931
1323
15879
8250
15696
1823
37023
62690
48929
19608
44323
50046
30001
122
3675
10750
29973
41399
58800
34240
58281
9865
30627
39559
22947
39470
8259
39501
48081
50768
51538
19261
63361
39934
54388
60373
42154
54248
29775
58298
48383
15722
49695
30690
9575
32597
34905
23347
32418
26495
24754
42788
40597
1562
60001
13169
50631
41765
12085
26012
28799
32234
55630
64149
57568
19416
20956
25290
52112
40049
55832
34169
2837
56970
58463
61294
52127
28432
33414
62931
10592
15938
27233
25472
60241
36091
32781
10352
35711
37742
53652
54386
37140
36138
42642
39194
55095
24077
35715
10457
29518
28920
51485
8976
50390
28190
24332
17429
54727
17263
40098
17954
39914
47361
46094
6550
11892
25742
60297
49611
28574
28069
17866
62672
37908
55062
61073
26850
61996
15556
23284
10248
30048
28326
46638
2498
22360
34177
56456
41337
31654
60206
11666
10240
9703
64037
59081
39821
10270
58886
26343
3590
2178
23505
47626
47652
44884
62513
36483
28205
42622
8036
17192
27676
53864
34969
6415
25657
19815
10481
52688
21919
64010
61512
32484
10563
48225
20076
54522
56552
41840
14832
7467
13689
45738
64911
20531
45180
17324
63811
41838
56385
64215
13310
20129
17173
8738
40432
51892
43172
35992
62516
10974
50864
20225
34116
61780
57621
1815
34003
9480
9602
50938
1214
40204
41710
13891
4925
47794
54470
2471
27427
54051
63296
36254
50610
42642
8870
58447
23764
44169
7117
33623
58442
3083
52651
63234
65405
35401
64585
32460
33659
62713
18820
34350
8275
54456
33080
40381
1570
62054
4614
32568
57218
15936
60167
60360
57377
25343
53936
12975
29314
6319
59703
51196
15885
40050
63016
11047
15980
27226
32442
7326
39323
63253
26214
46036
57992
5780
3535
48479
52635
34173
58257
5739
51892
39733
5891
47277
61390
5084
23740
21485
34900
39742
20534
43230
4581
58704
8968
8283
32754
44240
47522
6738
3683
34697
42209
13689
28859
42751
16487
60371
45378
65373
40008
42262
64122
64069
20241
9943
57234
33588
16501
44947
36301
29838
26118
11619
56427
62055
6202
51084
8612
12327
30451
17322
27881
15108
32751
55265
41046
21270
18320
27581
26649
59774
53969
38285
15822
45702
37202
16853
13052
12359
27937
41727
53152
25710
60652
2065
50195
53091
26987
36575
53010
51089
55732
22712
3347
